50 00000000
00 00000001
04 00000000
08 00000001
0c 00000002
10 00000000
14 000004b0
18 000001e0
1c 00000280
20 0000000b
24 00000007
28 00000007
2c 00000001
30 02800000
34 0000012c
38 00000001
3c 011a4000
40 00000001
44 00000000
48 00000000
00 00000001
04 02800000
08 00000001
0c 00000004
10 00000001
14 0000012c
18 000000f0
1c 00000140
20 0000000d
24 00000007
28 00000007
2c 00000001
30 02a58000
34 0000004b
38 00000001
3c 011a4000
40 00000001
44 00000001
48 00000000
00 00000001
04 02a58000
08 00000002
0c 00000004
10 00000001
14 0000004b
18 00000078
1c 000000a0
20 0000000d
24 00000007
28 00000007
2c 00000000
30 02b84000
34 0000004b
38 00000001
3c 011a4000
40 00000001
44 00000002
48 00000000
00 00000001
04 02c1a000
08 00000001
0c 00000002
10 00000001
14 0000004b
18 00000078
1c 000000a0
20 0000000d
24 00000007
28 00000007
2c 00000000
30 02d46000
34 0000004b
38 00000001
3c 011a4000
40 00000001
44 00000003
48 00000000
00 00000001
04 02d46000
08 00000001
0c 00000002
10 00000001
14 0000004b
18 00000078
1c 000000a0
20 0000000e
24 00000007
28 00000007
2c 00000000
30 02cb0000
34 0000004b
38 00000001
3c 011a4000
40 00000001
44 00000004
48 00000000
00 00000002
04 02c1a000
08 00000001
0c 00000001
10 00000001
14 00000096
18 000000c8
1c 000000c0
20 00000000
24 00000000
28 00000000
2c 00000000
30 02cb0000
34 00000096
38 00000000
3c 011a4000
40 00000000
44 00000005
48 00000000
00 00000001
04 02b84000
08 00000003
0c 00000004
10 00000001
14 0000004b
18 00000078
1c 000000a0
20 0000000d
24 00000007
28 00000007
2c 00000000
30 02ddc000
34 0000004b
38 00000001
3c 011a4000
40 00000001
44 00000006
48 00000000
00 00000001
04 02ddc000
08 00000002
0c 00000008
10 00000001
14 0000004b
18 00000078
1c 000000a0
20 0000000e
24 00000007
28 00000007
2c 00000001
30 02f08000
34 00000013
38 00000001
3c 011a4000
40 00000001
44 00000007
48 00000000
00 00000001
04 02f08000
08 00000004
0c 00000008
10 00000001
14 00000013
18 0000003c
1c 00000050
20 0000000e
24 00000007
28 00000007
2c 00000000
30 02fa0000
34 00000013
38 00000001
3c 011a4000
40 00000001
44 00000008
48 00000000
00 00000001
04 02fec000
08 00000002
0c 00000004
10 00000001
14 00000013
18 0000003c
1c 00000050
20 0000000e
24 00000007
28 00000007
2c 00000000
30 030d0000
34 00000013
38 00000001
3c 011a4000
40 00000001
44 00000009
48 00000000
00 00000001
04 030d0000
08 00000002
0c 00000004
10 00000001
14 00000013
18 0000003c
1c 00000050
20 0000000e
24 00000007
28 00000007
2c 00000000
30 03038000
34 00000013
38 00000001
3c 011a4000
40 00000001
44 0000000a
48 00000000
00 00000002
04 02fec000
08 00000001
0c 00000001
10 00000001
14 0000004c
18 00000098
1c 00000080
20 00000000
24 00000000
28 00000000
2c 00000000
30 03038000
34 0000004c
38 00000000
3c 011a4000
40 00000000
44 0000000b
48 00000000
00 00000001
04 03038000
08 00000002
0c 00000004
10 00000001
14 00000013
18 0000003c
1c 00000050
20 0000000e
24 00000007
28 00000007
2c 00000000
30 0311c000
34 00000013
38 00000001
3c 011a4000
40 00000001
44 0000000c
48 00000000
00 00000001
04 0311c000
08 00000002
0c 00000004
10 00000001
14 00000013
18 0000003c
1c 00000050
20 0000000e
24 00000007
28 00000007
2c 00000000
30 03084000
34 00000013
38 00000001
3c 011a4000
40 00000001
44 0000000d
48 00000000
00 00000002
04 03038000
08 00000001
0c 00000001
10 00000001
14 0000004c
18 00000098
1c 00000080
20 00000000
24 00000000
28 00000000
2c 00000000
30 03084000
34 0000004c
38 00000000
3c 011a4000
40 00000000
44 0000000e
48 00000000
00 00000001
04 02fa0000
08 00000008
0c 00000008
10 00000001
14 00000013
18 0000003c
1c 00000050
20 0000000d
24 00000007
28 00000007
2c 00000000
30 036e8000
34 00000013
38 00000001
3c 011a4000
40 00000001
44 0000000f
48 00000000
00 00000001
04 036e8000
08 00000004
0c 00000010
10 00000001
14 00000013
18 0000003c
1c 00000050
20 0000000f
24 00000007
28 00000007
2c 00000001
30 03168000
34 00000005
38 00000001
3c 011a4000
40 00000001
44 00000010
48 00000000
00 00000001
04 03168000
08 00000008
0c 00000010
10 00000001
14 00000005
18 0000001e
1c 00000028
20 0000000e
24 00000007
28 00000007
2c 00000000
30 031b8000
34 00000005
38 00000001
3c 011a4000
40 00000001
44 00000011
48 00000000
00 00000001
04 031e0000
08 00000004
0c 00000008
10 00000001
14 00000005
18 0000001e
1c 00000028
20 0000000e
24 00000007
28 00000007
2c 00000000
30 03258000
34 00000005
38 00000001
3c 011a4000
40 00000001
44 00000012
48 00000000
00 00000001
04 03258000
08 00000004
0c 00000008
10 00000001
14 00000005
18 0000001e
1c 00000028
20 0000000f
24 00000007
28 00000007
2c 00000000
30 03208000
34 00000005
38 00000001
3c 011a4000
40 00000001
44 00000013
48 00000000
00 00000002
04 031e0000
08 00000001
0c 00000001
10 00000001
14 00000028
18 00000080
1c 00000050
20 00000000
24 00000000
28 00000000
2c 00000000
30 03208000
34 00000028
38 00000000
3c 011a4000
40 00000000
44 00000014
48 00000000
00 00000001
04 03208000
08 00000004
0c 00000008
10 00000001
14 00000005
18 0000001e
1c 00000028
20 0000000f
24 00000007
28 00000007
2c 00000000
30 03280000
34 00000005
38 00000001
3c 011a4000
40 00000001
44 00000015
48 00000000
00 00000001
04 03280000
08 00000004
0c 00000008
10 00000001
14 00000005
18 0000001e
1c 00000028
20 0000000e
24 00000007
28 00000007
2c 00000000
30 03230000
34 00000005
38 00000001
3c 011a4000
40 00000001
44 00000016
48 00000000
00 00000002
04 03208000
08 00000001
0c 00000001
10 00000001
14 00000028
18 00000080
1c 00000050
20 00000000
24 00000000
28 00000000
2c 00000000
30 03230000
34 00000028
38 00000000
3c 011a4000
40 00000000
44 00000017
48 00000000
00 00000001
04 031b8000
08 00000010
0c 00000010
10 00000001
14 00000005
18 0000001e
1c 00000028
20 0000000e
24 00000007
28 00000007
2c 00000000
30 034c8000
34 00000005
38 00000001
3c 011a4000
40 00000001
44 00000018
48 00000000
00 00000001
04 034c8000
08 00000008
0c 00000020
10 00000001
14 00000005
18 0000001e
1c 00000028
20 0000000f
24 00000007
28 00000007
2c 00000001
30 032a8000
34 00000002
38 00000001
3c 011a4000
40 00000001
44 00000019
48 00000000
00 00000001
04 032a8000
08 00000010
0c 00000020
10 00000001
14 00000002
18 0000000f
1c 00000014
20 0000000e
24 00000007
28 00000007
2c 00000000
30 032e8000
34 00000002
38 00000001
3c 011a4000
40 00000001
44 0000001a
48 00000000
00 00000001
04 03308000
08 00000008
0c 00000010
10 00000001
14 00000002
18 0000000f
1c 00000014
20 0000000f
24 00000007
28 00000007
2c 00000000
30 03348000
34 00000002
38 00000001
3c 011a4000
40 00000001
44 0000001b
48 00000000
00 00000001
04 03348000
08 00000008
0c 00000010
10 00000001
14 00000002
18 0000000f
1c 00000014
20 0000000e
24 00000007
28 00000007
2c 00000000
30 03328000
34 00000002
38 00000001
3c 011a4000
40 00000001
44 0000001c
48 00000000
00 00000002
04 03308000
08 00000001
0c 00000001
10 00000001
14 00000020
18 00000080
1c 00000040
20 00000000
24 00000000
28 00000000
2c 00000000
30 03328000
34 00000020
38 00000000
3c 011a4000
40 00000000
44 0000001d
48 00000000
00 00000001
04 032e8000
08 00000018
0c 00000020
10 00000001
14 00000002
18 0000000f
1c 00000014
20 0000000e
24 00000007
28 00000007
2c 00000000
30 03368000
34 00000002
38 00000001
3c 011a4000
40 00000001
44 0000001e
48 00000000
00 00000001
04 03368000
08 00000010
0c 00000010
10 00000001
14 00000002
18 0000000f
1c 00000014
20 0000000e
24 00000007
28 00000007
2c 00000000
30 033a8000
34 00000002
38 00000001
3c 011a4000
40 00000001
44 0000001f
48 00000000
00 00000003
04 033a8000
08 00000010
0c 00000010
10 00000000
14 00000002
18 0000000f
1c 00000014
20 00000000
24 00000007
28 00000000
2c 00000000
30 033c8000
34 00000002
38 00000002
3c 011a4000
40 00000000
44 00000020
48 00000000
00 00000003
04 033c8000
08 00000010
0c 00000010
10 00000000
14 00000002
18 0000000f
1c 00000014
20 00000000
24 00000007
28 00000000
2c 00000000
30 033e8000
34 00000002
38 00000002
3c 011a4000
40 00000000
44 00000021
48 00000000
00 00000003
04 033e8000
08 00000010
0c 00000010
10 00000000
14 00000002
18 0000000f
1c 00000014
20 00000000
24 00000007
28 00000000
2c 00000000
30 03408000
34 00000002
38 00000002
3c 011a4000
40 00000000
44 00000022
48 00000000
00 00000001
04 033a8000
08 00000020
0c 00000020
10 00000001
14 00000002
18 0000000f
1c 00000014
20 0000000e
24 00000007
28 00000007
2c 00000000
30 03ad0000
34 00000002
38 00000001
3c 011a4000
40 00000001
44 00000023
48 00000000
00 00000004
04 03ad0000
08 00000020
0c 00000020
10 00000000
14 00000002
18 0000000f
1c 00000014
20 00000000
24 00000007
28 00000000
2c 00000000
30 03428000
34 00000005
38 00000000
3c 011a4000
40 00000000
44 00000024
48 00000000
00 00000001
04 03428000
08 00000018
0c 00000010
10 00000001
14 00000005
18 0000001e
1c 00000028
20 0000000e
24 00000007
28 00000007
2c 00000000
30 03518000
34 00000005
38 00000001
3c 011a4000
40 00000001
44 00000025
48 00000000
00 00000001
04 03540000
08 00000004
0c 00000008
10 00000001
14 00000005
18 0000001e
1c 00000028
20 0000000f
24 00000007
28 00000007
2c 00000000
30 03590000
34 00000005
38 00000001
3c 011a4000
40 00000001
44 00000026
48 00000000
00 00000001
04 03590000
08 00000004
0c 00000008
10 00000001
14 00000005
18 0000001e
1c 00000028
20 0000000e
24 00000007
28 00000007
2c 00000000
30 03568000
34 00000005
38 00000001
3c 011a4000
40 00000001
44 00000027
48 00000000
00 00000001
04 03518000
08 0000000c
0c 00000010
10 00000001
14 00000005
18 0000001e
1c 00000028
20 0000000e
24 00000007
28 00000007
2c 00000000
30 03970000
34 00000005
38 00000001
3c 011a4000
40 00000001
44 00000028
48 00000000
00 00000004
04 03970000
08 00000010
0c 00000010
10 00000000
14 00000005
18 0000001e
1c 00000028
20 00000000
24 00000007
28 00000000
2c 00000000
30 035b8000
34 00000013
38 00000000
3c 011a4000
40 00000000
44 00000029
48 00000000
00 00000001
04 035b8000
08 0000000c
0c 00000008
10 00000001
14 00000013
18 0000003c
1c 00000050
20 0000000e
24 00000007
28 00000007
2c 00000000
30 03780000
34 00000013
38 00000001
3c 011a4000
40 00000001
44 0000002a
48 00000000
00 00000001
04 037cc000
08 00000002
0c 00000004
10 00000001
14 00000013
18 0000003c
1c 00000050
20 0000000e
24 00000007
28 00000007
2c 00000000
30 03864000
34 00000013
38 00000001
3c 011a4000
40 00000001
44 0000002b
48 00000000
00 00000001
04 03864000
08 00000002
0c 00000004
10 00000001
14 00000013
18 0000003c
1c 00000050
20 0000000e
24 00000007
28 00000007
2c 00000000
30 03818000
34 00000013
38 00000001
3c 011a4000
40 00000001
44 0000002c
48 00000000
00 00000001
04 03780000
08 00000006
0c 00000008
10 00000001
14 00000013
18 0000003c
1c 00000050
20 0000000e
24 00000007
28 00000007
2c 00000000
30 038b0000
34 00000013
38 00000001
3c 011a4000
40 00000001
44 0000002d
48 00000000
00 00000001
04 038b0000
08 00000004
0c 00000008
10 00000001
14 00000013
18 0000003c
1c 00000050
20 0000000e
24 00000007
28 00000007
2c 00000001
30 03948000
34 00000005
38 00000001
3c 011a4000
40 00000001
44 0000002e
48 00000000
00 00000001
04 03948000
08 0000000c
0c 00000010
10 00000001
14 00000005
18 0000001e
1c 00000028
20 0000000e
24 00000007
28 00000007
2c 00000000
30 039c0000
34 00000005
38 00000001
3c 011a4000
40 00000001
44 0000002f
48 00000000
00 00000001
04 039e8000
08 00000004
0c 00000008
10 00000001
14 00000005
18 0000001e
1c 00000028
20 0000000e
24 00000007
28 00000007
2c 00000000
30 03a38000
34 00000005
38 00000001
3c 011a4000
40 00000001
44 00000030
48 00000000
00 00000001
04 03a38000
08 00000004
0c 00000008
10 00000001
14 00000005
18 0000001e
1c 00000028
20 0000000e
24 00000007
28 00000007
2c 00000000
30 03a10000
34 00000005
38 00000001
3c 011a4000
40 00000001
44 00000031
48 00000000
00 00000001
04 039c0000
08 0000000c
0c 00000010
10 00000001
14 00000005
18 0000001e
1c 00000028
20 0000000e
24 00000007
28 00000007
2c 00000000
30 03a60000
34 00000005
38 00000001
3c 011a4000
40 00000001
44 00000032
48 00000000
00 00000001
04 03a60000
08 00000008
0c 00000010
10 00000001
14 00000005
18 0000001e
1c 00000028
20 0000000f
24 00000007
28 00000007
2c 00000001
30 03ab0000
34 00000002
38 00000001
3c 011a4000
40 00000001
44 00000033
48 00000000
00 00000001
04 03ab0000
08 00000018
0c 00000020
10 00000001
14 00000002
18 0000000f
1c 00000014
20 0000000e
24 00000007
28 00000007
2c 00000000
30 03b10000
34 00000002
38 00000001
3c 011a4000
40 00000001
44 00000034
48 00000000
00 00000001
04 03b30000
08 00000008
0c 00000010
10 00000001
14 00000002
18 0000000f
1c 00000014
20 0000000e
24 00000007
28 00000007
2c 00000000
30 03b70000
34 00000002
38 00000001
3c 011a4000
40 00000001
44 00000035
48 00000000
00 00000001
04 03b70000
08 00000008
0c 00000010
10 00000001
14 00000002
18 0000000f
1c 00000014
20 0000000e
24 00000007
28 00000007
2c 00000000
30 03b50000
34 00000002
38 00000001
3c 011a4000
40 00000001
44 00000036
48 00000000
00 00000001
04 03b10000
08 00000018
0c 00000020
10 00000001
14 00000002
18 0000000f
1c 00000014
20 0000000e
24 00000007
28 00000007
2c 00000000
30 03b90000
34 00000002
38 00000001
3c 011a4000
40 00000001
44 00000037
48 00000000
00 00000001
04 038b0000
08 00000004
0c 00000008
10 00000001
14 00000013
18 0000003c
1c 00000050
20 0000000f
24 00000007
28 00000007
2c 00000000
30 03bd0000
34 00000013
38 00000001
3c 011a4000
40 00000001
44 00000038
48 00000000
00 00000001
04 03bd0000
08 00000004
0c 00000008
10 00000001
14 00000013
18 0000003c
1c 00000050
20 0000000d
24 00000007
28 00000007
2c 00000000
30 03c68000
34 00000013
38 00000001
3c 011a4000
40 00000001
44 00000039
48 00000000
00 00000001
04 03c68000
08 00000004
0c 00000008
10 00000001
14 00000013
18 0000003c
1c 00000050
20 0000000f
24 00000007
28 00000007
2c 00000000
30 03d00000
34 00000013
38 00000001
3c 011a4000
40 00000000
44 0000003a
48 00000000
00 00000001
04 03a60000
08 00000008
0c 00000008
10 00000001
14 00000005
18 0000001e
1c 00000028
20 0000000e
24 00000007
28 00000007
2c 00000000
30 03d98000
34 00000005
38 00000001
3c 011a4000
40 00000001
44 0000003b
48 00000000
00 00000001
04 03d98000
08 00000004
0c 00000008
10 00000001
14 00000005
18 0000001e
1c 00000028
20 0000000d
24 00000007
28 00000007
2c 00000000
30 03dc0000
34 00000005
38 00000001
3c 011a4000
40 00000001
44 0000003c
48 00000000
00 00000001
04 03dc0000
08 00000004
0c 00000008
10 00000001
14 00000005
18 0000001e
1c 00000028
20 0000000e
24 00000007
28 00000007
2c 00000000
30 03de8000
34 00000005
38 00000001
3c 011a4000
40 00000000
44 0000003d
48 00000000
00 00000001
04 03b90000
08 00000010
0c 00000008
10 00000001
14 00000002
18 0000000f
1c 00000014
20 0000000f
24 00000007
28 00000007
2c 00000000
30 03e10000
34 00000002
38 00000001
3c 011a4000
40 00000001
44 0000003e
48 00000000
00 00000001
04 03e10000
08 00000004
0c 00000008
10 00000001
14 00000002
18 0000000f
1c 00000014
20 0000000e
24 00000007
28 00000007
2c 00000000
30 03e20000
34 00000002
38 00000001
3c 011a4000
40 00000001
44 0000003f
48 00000000
00 00000001
04 03e20000
08 00000004
0c 00000008
10 00000001
14 00000002
18 0000000f
1c 00000014
20 0000000e
24 00000007
28 00000007
2c 00000000
30 03e30000
34 00000002
38 00000001
3c 011a4000
40 00000000
44 00000040
48 00000000
00 00000001
04 038b0000
08 00000004
0c 0000000a
10 00000001
14 00000013
18 0000003c
1c 00000050
20 0000000f
24 00000007
28 00000007
2c 00000000
30 03e40000
34 00000013
38 00000001
3c 011a4000
40 00000001
44 00000041
48 00000000
00 00000001
04 03e40000
08 00000005
0c 0000000a
10 00000001
14 00000013
18 0000003c
1c 00000050
20 0000000c
24 00000007
28 00000007
2c 00000000
30 03efe000
34 00000013
38 00000001
3c 011a4000
40 00000001
44 00000042
48 00000000
00 00000001
04 03efe000
08 00000005
0c 0000000a
10 00000001
14 00000013
18 0000003c
1c 00000050
20 0000000f
24 00000007
28 00000007
2c 00000000
30 03fbc000
34 00000013
38 00000001
3c 011a4000
40 00000000
44 00000043
48 00000000
00 00000001
04 03a60000
08 00000008
0c 0000000a
10 00000001
14 00000005
18 0000001e
1c 00000028
20 0000000e
24 00000007
28 00000007
2c 00000000
30 0407a000
34 00000005
38 00000001
3c 011a4000
40 00000001
44 00000044
48 00000000
00 00000001
04 0407a000
08 00000005
0c 0000000a
10 00000001
14 00000005
18 0000001e
1c 00000028
20 0000000b
24 00000007
28 00000007
2c 00000000
30 040ac000
34 00000005
38 00000001
3c 011a4000
40 00000001
44 00000045
48 00000000
00 00000001
04 040ac000
08 00000005
0c 0000000a
10 00000001
14 00000005
18 0000001e
1c 00000028
20 0000000f
24 00000007
28 00000007
2c 00000000
30 040de000
34 00000005
38 00000001
3c 011a4000
40 00000000
44 00000046
48 00000000
00 00000001
04 03b90000
08 00000010
0c 0000000a
10 00000001
14 00000002
18 0000000f
1c 00000014
20 0000000e
24 00000007
28 00000007
2c 00000000
30 04110000
34 00000002
38 00000001
3c 011a4000
40 00000001
44 00000047
48 00000000
00 00000001
04 04110000
08 00000005
0c 0000000a
10 00000001
14 00000002
18 0000000f
1c 00000014
20 0000000c
24 00000007
28 00000007
2c 00000000
30 04124000
34 00000002
38 00000001
3c 011a4000
40 00000001
44 00000048
48 00000000
00 00000001
04 04124000
08 00000005
0c 0000000a
10 00000001
14 00000002
18 0000000f
1c 00000014
20 0000000e
24 00000007
28 00000007
2c 00000000
30 04138000
34 00000002
38 00000001
3c 011a4000
40 00000000
44 00000049
48 00000000
